Results from heasarc_atnfpulsar: ATNF Pulsar Catalog
Coordinate system: Equatorial
|name            |period               |period_error|period_dot |period_dot_error|median_mass|age     |corr_age |
|PSR J1959+2048  |0.00160740168480632  |     3.0e-17|1.68515e-20|         9.0e-25|     0.0248|1.51e+09| 2.16e+09|
|PSR J1227-4853  |0.001686375410273    |     1.2e-14|1.11000e-20|         1.2e-21|     0.2478|2.41e+09| 3.18e+09|
|PSR J1023+0038  |0.0016879874702211   |     3.0e-16|6.93000e-21|         9.0e-24|     0.1570|3.86e+09| 5.00e+09|
|PSR J1902-5105  |0.00174239994990564  |     1.6e-16|9.19930e-21|         1.3e-24|     0.1880|3.00e+09| 3.10e+09|
|PSR J1835-3259B |0.0018302930799293   |     4.0e-16|4.34220e-20|         4.0e-24|     0.2010|6.68e+08| 7.01e+08|
|PSR J1723-2837  |0.001855732795729    |     1.1e-14|7.50000e-21|         5.0e-22|     0.2771|3.90e+09| 6.45e+09|
|PSR J0034-0534  |0.0018771818845850   |     2.0e-16|4.96600e-21|         1.0e-24|     0.1646|5.99e+09| 7.32e+09|
|PSR J1653-0158  |0.0019676820247057   |     2.0e-16|2.40200e-21|         3.0e-24|     0.0112|1.30e+10| 3.90e+10|
|PSR J1737-0314A |0.00197997624609088  |     1.6e-16|9.55610e-20|         1.2e-23|     0.0184|3.28e+08| 3.34e+08|
|PSR J2052+1219  |0.00198525628181868  |     8.0e-17|6.70370e-21|         2.0e-24|     0.0383|4.69e+09| 1.18e+10|
|PSR J1431-4715  |0.0020119534425332   |     9.0e-16|1.41100e-20|         3.0e-23|     0.1449|2.26e+09| 2.80e+09|
|PSR J1641+8049  |0.00202117938468221  |     9.0e-17|8.95000e-21|         9.0e-23|     0.0468|3.58e+09|-2.42e+09|
|PSR J1543-5149  |0.0020569603924157   |     6.0e-16|1.61590e-20|         1.3e-23|     0.2620|2.02e+09| 2.04e+09|
|PSR J1906+0454  |0.0020832783349232   |     3.0e-16|2.98200e-21|         1.4e-23|     0.1864|1.11e+10|-1.81e+10|
|PSR J2055+3829  |0.00208929030219107  |     3.0e-17|9.99600e-22|         5.0e-25|     0.0259|3.31e+10| 1.96e+11|
|PSR J1805+0615  |0.0021289064590218   |     5.0e-16|2.27580e-20|         9.0e-24|     0.0265|1.48e+09| 1.88e+09|
|PSR J1903+0327  |0.00214991236434921  |     5.0e-17|1.88208e-20|         1.0e-24|     1.0837|1.81e+09| 1.93e+09|
|PSR J2241-5236  |0.0021866997725548446|     1.0e-18|6.89656e-21|         3.0e-26|     0.0135|5.02e+09| 7.27e+09|
|PSR J1446-4701  |0.002194695780881595 |     1.5e-17|9.80750e-21|         3.0e-25|     0.0220|3.55e+09| 3.63e+09|
|PSR J2256-1024  |0.00229453181696499  |     3.0e-17|1.13535e-20|         1.0e-24|     0.0342|3.20e+09| 3.50e+09|
|PSR J1701-3006F |0.0022947270806719   |     2.9e-15|2.22100e-19|         1.8e-21|     0.0241|1.64e+08| 1.65e+08|
|PSR J0218+4232  |0.00232309053151224  |     8.0e-17|7.73955e-20|         7.0e-25|     0.1957|4.76e+08| 4.80e+08|
|PSR J1017-7156  |0.002338514440402662 |     5.0e-18|2.21387e-21|         6.0e-26|     0.2214|1.67e+10| 3.18e+10|
|PSR J1731-1847  |0.00234455954688568  |     1.1e-16|2.54070e-20|         5.0e-24|     0.0385|1.46e+09| 1.53e+09|
|PSR J2043+1711  |0.002379878924013453 |     3.0e-18|5.24431e-21|         6.0e-26|     0.1976|7.19e+09| 9.34e+09|
|PSR J1342+2822B |0.002389420757786    |     1.0e-15|1.85800e-20|         4.0e-23|     0.2394|2.04e+09| 2.09e+09|
|PSR J2205+6012  |0.00241554794898110  |     4.0e-17|1.97939e-20|         2.9e-25|     0.1746|1.93e+09| 1.99e+09|
|PSR J1518+0204C |0.0024839275702455   |     6.0e-16|2.60690e-20|         1.3e-24|     0.0431|1.51e+09| 1.88e+09|
|PSR J1641+3627E |0.002486982497311    |     3.0e-15|1.74400e-20|         1.3e-22|     0.0232|2.26e+09| 2.36e+09|
|PSR J0101-6422  |0.0025731519721683   |     2.0e-16|5.16000e-21|         3.0e-23|     0.1814|7.90e+09| 1.12e+10|
|PSR J1125-6014  |0.002630380781478504 |     1.4e-17|3.73132e-21|         1.3e-25|     0.3278|1.12e+10| 2.22e+10|
|PSR J0024-7204O |0.00264334329724357  |     5.0e-17|3.03493e-20|         6.0e-25|     0.0250|1.38e+09| 1.43e+09|
|PSR J1921+1929  |0.00264634144946923  |     1.5e-16|3.81960e-20|         5.0e-24|     0.2955|1.10e+09| 1.16e+09|
|PSR J2039-5617  |0.0026509071060649   |     4.0e-16|1.41640e-20|         5.0e-24|     0.1999|2.97e+09| 3.69e+09|
|PSR J1745+1017  |0.0026521296710897   |     4.0e-16|2.72900e-21|         1.5e-23|     0.0158|1.54e+10| 1.87e+10|
|PSR J1811-2405  |0.00266059327687744  |     2.0e-17|1.37756e-20|         3.0e-25|     0.2741|3.06e+09| 3.06e+09|
|PSR J1327-0755  |0.0026779231971205   |     2.0e-16|1.77300e-21|         1.8e-23|     0.2605|2.39e+10|-2.68e+07|
|PSR J0337+1715  |0.00273258863244     |     9.0e-14|1.76660e-20|         9.0e-24|     0.1353|2.45e+09| 2.50e+09|
|PSR J0636+5128  |0.002868952846616078 |     8.0e-18|3.44830e-21|         7.0e-25|     0.0079|1.32e+10| 1.34e+10|
|PSR J2339-0533  |0.00288422674154723  |     1.7e-16|1.41020e-20|         7.0e-24|     0.3026|3.24e+09| 3.48e+09|
|PSR J0740+6620  |0.002885736411412693 |     5.0e-18|1.21905e-20|         1.7e-25|     0.2247|3.75e+09| 1.25e+10|
|PSR J2017+0603  |0.002896215816722975 |     1.1e-17|7.99310e-21|         7.0e-25|     0.2059|5.74e+09| 5.78e+09|
|PSR J1909-3744  |0.0029471080705361012|     9.0e-19|1.40254e-20|         5.0e-26|     0.2288|3.33e+09| 1.64e+10|
|PSR J2229+2643  |0.002977819295745368 |     8.0e-18|1.52370e-21|         5.0e-25|     0.1422|3.10e+10| 4.51e+10|
|PSR J1641+3627F |0.003003500835980    |     9.0e-15|1.40000e-20|         6.0e-22|     0.1571|3.40e+09| 3.64e+09|
|PSR J0023+0923  |0.003050203104754390 |     4.0e-18|1.14235e-20|         1.4e-25|     0.0189|4.23e+09| 5.47e+09|
|PSR J0613-0200  |0.003061844088621657 |     1.0e-17|9.59043e-21|         1.8e-25|     0.1499|5.06e+09| 5.42e+09|
|PSR J1536-4948  |0.0030799140584053   |     6.0e-16|2.11895e-20|         1.0e-24|     0.3222|2.30e+09| 2.35e+09|
|PSR J1400-1431  |0.00308423326039194  |     8.0e-17|7.23330e-21|         1.5e-24|     0.3102|6.76e+09| 1.55e+11|
|PSR J1125-5825  |0.00310221391893416  |     1.6e-16|6.08990e-20|         2.0e-24|     0.3096|8.07e+08| 8.26e+08|
|PSR J2214+3000  |0.003119226581323024 |     1.2e-17|1.47285e-20|         4.0e-25|     0.0154|3.36e+09| 3.88e+09|
|PSR J0614-3329  |0.003148669579439    |     9.0e-15|1.75000e-20|         7.0e-22|     0.3242|2.84e+09| 2.85e+09|
|PSR J1614-2230  |0.003150807655690673 |     3.0e-18|9.62423e-21|         6.0e-26|     0.4712|5.19e+09| 1.25e+10|
|PSR J1717+4308A |0.0031597205227830   |     5.0e-16|6.11300e-20|         3.0e-23|     0.1827|8.19e+08| 8.41e+08|
|PSR J1640+2224  |0.0031633158188015911|     2.0e-18|2.81727e-21|         6.0e-26|     0.2903|1.78e+10| 3.94e+10|
|PSR J1946+3417  |0.00317013917902887  |     8.0e-17|3.16400e-21|         4.0e-24|     0.2490|1.59e+10|-4.53e+10|
|PSR J1816+4510  |0.0031931035538505   |     2.0e-16|4.31000e-20|         1.0e-23|     0.1848|1.17e+09| 1.21e+09|
|PSR J1701-3006E |0.0032337373331158   |     6.5e-15|3.10300e-19|         2.7e-21|     0.0352|1.65e+08| 1.66e+08|
|PSR J1910-5959A |0.00326618657079054  |     9.0e-17|2.94703e-21|         1.4e-25|     0.2166|1.76e+10| 2.48e+10|
|PSR J1630+3734  |0.0033181121293936   |     9.0e-16|1.07700e-20|         9.0e-23|     0.2738|4.88e+09| 6.34e+09|
|PSR J1824-2452N |0.00335287243686099  |     1.1e-16|1.59209e-19|         4.0e-25|     0.0213|3.34e+08| 3.41e+08|
|PSR J1836-2354A |0.0033543360829062   |     1.0e-16|2.31800e-21|         3.0e-24|     0.0196|2.29e+10|-4.65e+10|
|PSR J1701-3006D |0.0034177704450548   |     1.7e-15|1.25700e-19|         2.4e-21|     0.1416|4.31e+08| 4.37e+08|
|PSR J2317+1439  |0.0034452510723611   |     5.0e-16|2.43060e-21|         1.7e-24|     0.2012|2.25e+10| 2.44e+10|
|PSR J2322-2650  |0.00346309917908790  |     1.1e-16|5.83400e-22|         1.5e-24|     0.0009|9.41e+10| 1.25e+11|
|PSR J0751+1807  |0.00347877083927942  |     4.0e-17|7.78740e-21|         5.0e-25|     0.1496|7.08e+09| 9.14e+09|
|PSR J0024-7204R |0.00348046270749329  |     1.3e-16|1.48352e-19|         3.0e-24|     0.0299|3.72e+08| 3.75e+08|
|PSR J0024-7204E |0.00353632915276244  |     4.0e-17|9.85103e-20|         6.0e-25|     0.1809|5.69e+08| 5.77e+08|
|PSR J1933-6211  |0.0035434314937910   |     3.0e-16|3.87070e-21|         9.0e-25|     0.3824|1.45e+10| 1.84e+10|
|PSR J1545-4550  |0.003575288623474622 |     1.1e-17|5.24544e-20|         3.0e-25|     0.1788|1.08e+09| 1.08e+09|
|PSR J2234+0611  |0.003576581631673108 |     7.0e-18|1.20142e-20|         1.3e-25|     0.2209|4.72e+09| 9.74e+09|
|PSR J1514-4946  |0.0035893366796749   |     7.0e-16|1.86460e-20|         1.1e-23|     0.1978|3.05e+09| 4.94e+09|
|PSR J1903-7051  |0.0035978980188911   |     1.1e-15|1.04300e-20|         6.0e-23|     0.3355|5.46e+09| 7.38e+09|
|PSR J1600-3053  |0.003597928510587011 |     1.0e-17|9.49970e-21|         1.7e-25|     0.2401|6.00e+09| 6.56e+09|
|PSR J1911-1114  |0.003625745633114    |     5.0e-15|1.39500e-20|         4.0e-23|     0.1396|4.12e+09| 5.04e+09|
|PSR J2234+0944  |0.003627027895734231 |     1.4e-17|2.01003e-20|         6.0e-25|     0.0178|2.86e+09| 4.30e+09|
|PSR J1828+0625  |0.0036275626138329   |     1.1e-15|4.69500e-21|         6.0e-24|     0.3180|1.22e+10| 2.46e+10|
|PSR J0024-7204P |0.0036430207         |     3.0e-10|6.60000e-19|         4.0e-20|     0.0199|8.70e+07| 8.72e+07|
|PSR J1740-5340A |0.00365032889720     |     1.0e-14|1.68000e-19|         7.0e-21|     0.2153|3.44e+08| 3.59e+08|
|PSR J1231-1411  |0.003683878711077    |     3.0e-15|2.28000e-20|         1.4e-22|     0.2153|2.56e+09| 7.13e+09|
|PSR J2129-5721  |0.003726348486023947 |     1.0e-17|2.08536e-20|         1.0e-25|     0.1540|2.83e+09| 3.76e+09|
|PSR J1741+1351  |0.003747154500259940 |     8.0e-18|3.02165e-20|         1.5e-25|     0.2799|1.96e+09| 2.11e+09|
|PSR J1622-0315  |0.003845429067931    |     3.0e-15|1.16000e-20|         1.0e-22|     0.1125|5.25e+09|-1.03e+10|
|PSR J0610-2100  |0.00386132476693726  |     9.0e-17|1.23266e-20|         1.1e-25|     0.0247|4.96e+09| 4.04e+10|
|PSR J1751-2857  |0.003914873259435    |     3.0e-15|1.12100e-20|         3.0e-23|     0.2258|5.53e+09| 5.93e+09|
|PSR J2019+2425  |0.00393452408033124  |     1.1e-16|7.02370e-21|         1.2e-24|     0.3643|8.88e+09| 4.72e+10|
|PSR J1937+1658  |0.00395766764533531  |     1.6e-16|1.32020e-20|         5.0e-24|     0.2211|4.75e+09| 5.09e+09|
|PSR J0024-7204Q |0.00403318118457258  |     1.5e-16|3.40080e-20|         4.0e-24|     0.2069|1.88e+09| 1.97e+09|
|PSR J0509+0856  |0.0040558382315644   |     5.0e-16|4.41200e-21|         1.2e-23|     0.1307|1.46e+10| 1.60e+10|
|PSR J1853+1303  |0.00409179738358213  |     6.0e-17|8.71710e-21|         1.1e-24|     0.2814|7.44e+09| 7.64e+09|
|PSR J1807-2459B |0.00418617720284089  |     2.5e-16|8.23245e-20|         1.8e-24|     1.4773|8.06e+08| 9.07e+08|
|PSR J1125+7819  |0.00420160911826384  |     6.0e-17|6.94300e-21|         4.0e-24|     0.3297|9.59e+09| 5.98e+12|
|PSR J1312+0051  |0.0042280189916604   |     2.0e-16|1.75270e-20|         3.0e-24|     0.2053|3.82e+09| 8.29e+09|
|PSR J1950+2414  |0.0043047754832565   |     7.0e-16|1.88050e-20|         7.0e-24|     0.2969|3.63e+09| 3.91e+09|
|PSR J0024-7204U |0.00434282669639233  |     1.2e-16|9.52279e-20|         1.7e-24|     0.1431|7.23e+08| 7.35e+08|
|PSR J1813-2621  |0.0044300116286341   |     1.8e-15|1.24660e-20|         6.0e-24|     0.2204|5.63e+09|-1.21e+10|
|PSR J1708-3506  |0.0045051589484591   |     7.0e-16|1.14210e-20|         1.1e-23|     0.1882|6.25e+09| 6.96e+09|
|PSR J2051-0827  |0.00450864182000643  |     1.1e-16|1.27330e-20|         7.0e-24|     0.0309|5.61e+09| 5.89e+09|
|PSR J2042+0246  |0.0045337267023282   |     3.0e-16|1.40300e-20|         6.0e-23|     0.2161|5.12e+09| 6.52e+09|
|PSR J1713+0747  |0.004570136598623225 |     7.0e-18|8.52963e-21|         5.0e-26|     0.3242|8.49e+09| 9.10e+09|
|PSR J1643-1224  |0.004621641526749906 |     2.0e-17|1.84630e-20|         2.0e-25|     0.1388|3.97e+09| 4.06e+09|
|PSR J1709+2313  |0.0046311962778409   |     2.0e-16|3.63000e-21|         4.0e-23|     0.3169|2.02e+10| 6.84e+10|
|PSR J1048+2339  |0.0046651629372704   |     5.0e-16|3.00800e-20|         5.0e-23|     0.3551|2.46e+09| 3.67e+09|
|PSR J0024-7204X |0.00477152291069356  |     5.0e-17|1.83610e-20|         7.0e-25|     0.4186|4.12e+09| 4.56e+09|
|PSR J1824-2452M |0.0047842842982785   |     7.0e-16|1.22818e-19|         3.0e-24|     0.0121|6.17e+08| 6.43e+08|
|PSR J1326-4728B |0.00479186916127     |     1.2e-13|2.80000e-20|         1.0e-20|     0.0156|2.76e+09| 3.16e+09|
|PSR J1748-2446an|0.0048023377671501   |     5.0e-16|1.55750e-19|         6.0e-23|     0.5043|4.89e+08| 4.96e+08|
|PSR J2010+3051  |0.0048162745133088   |     5.0e-16|4.86700e-21|         1.7e-23|     0.2373|1.57e+10|-2.00e+10|
|PSR J1910+1256  |0.004983583942570281 |     1.0e-17|9.67980e-21|         3.0e-25|     0.2245|8.16e+09| 9.02e+09|
|PSR J0514-4002A |0.004990575114112    |     3.0e-15|7.00000e-22|         1.3e-22|     1.1051|1.13e+11|-2.59e+12|
|PSR J1142+0119  |0.0050752983064042   |     5.0e-16|1.49900e-20|         1.0e-23|     0.1767|5.36e+09|-2.86e+08|
|PSR J2302+4442  |0.00519232464875420  |     3.0e-17|1.38681e-20|         1.1e-24|     0.3439|5.93e+09| 6.09e+09|
|PSR J1012+5307  |0.00525574902131628  |     5.0e-17|1.71270e-20|         5.0e-25|     0.1246|4.86e+09| 7.41e+09|
|PSR J1732-5049  |0.0053125502904328   |     3.0e-16|1.41910e-20|         6.0e-24|     0.2093|5.93e+09| 7.11e+09|
|PSR J1857+0943  |0.005362100549682627 |     1.5e-17|1.78400e-20|         1.8e-25|     0.2837|4.76e+09| 4.92e+09|
|PSR J0437-4715  |0.005757451936712637 |     1.7e-17|5.72922e-20|         1.7e-25|     0.1637|1.59e+09| 6.64e+09|
|PSR J1719-1438  |0.0057901517700238   |     5.0e-16|8.04300e-21|         7.0e-24|     0.0013|1.14e+10| 1.23e+10|
|PSR J1738+0333  |0.0058500958597756860|     1.1e-18|2.41199e-20|         1.4e-25|     0.1040|3.84e+09| 4.11e+09|
|PSR J2033+1734  |0.00594895754058564  |     4.0e-17|1.11460e-20|         3.0e-24|     0.2191|8.46e+09| 1.19e+10|
|PSR J1750-3703B |0.006074542086503    |     6.0e-15|1.92000e-20|         5.0e-22|     0.1924|5.02e+09| 7.64e+09|
|PSR J1955+2908  |0.00613316651623409  |     3.0e-17|2.97397e-20|         1.2e-24|     0.2083|3.27e+09| 3.46e+09|
|PSR J1300+1240  |0.00621853194840048  |     3.0e-17|1.14334e-19|         4.0e-25|     0.0000|8.62e+08| 6.45e+09|
|PSR J1421-4409  |0.0063857288383424   |     1.0e-16|1.23660e-20|         7.0e-24|     0.2055|8.18e+09| 1.69e+10|
|PSR J1801-3210  |0.0074535843734649   |     6.0e-16|7.20000e-23|         1.2e-23|     0.1609|1.64e+12|-3.40e+10|
|PSR J1045-4509  |0.00747422423014427  |     4.0e-17|1.76640e-20|         5.0e-25|     0.1857|6.70e+09| 6.86e+09|
|PSR J0024-7204T |0.0075884798073671   |     1.2e-15|2.93805e-19|         1.2e-23|     0.1954|4.09e+08| 4.13e+08|
|PSR J1405-4656  |0.00760220343251     |     1.0e-14|2.79000e-20|         4.0e-22|     0.2459|4.32e+09|-1.25e+11|
|PSR J1918-0642  |0.007645872769642047 |     1.0e-17|2.56914e-20|         1.8e-25|     0.2777|4.72e+09| 5.07e+09|
|PSR J1455-3330  |0.00798720480668373  |     3.0e-17|2.43045e-20|         4.0e-25|     0.2970|5.21e+09| 5.40e+09|
|PSR J1804-2717  |0.009343030844543    |     4.0e-15|4.08500e-20|         5.0e-23|     0.2348|3.62e+09| 4.18e+09|
|PSR J1337-6423  |0.009423406717798    |     1.7e-14|2.46900e-20|         1.8e-22|     0.9492|6.05e+09| 1.14e+10|
|PSR J0824+0028  |0.0098613486703673   |     1.0e-15|1.46890e-19|         2.0e-23|     0.4009|1.06e+09| 1.09e+09|
|PSR J1623-2631  |0.0110757509142025   |     1.8e-15|6.70930e-19|         4.0e-23|     0.3254|2.62e+08| 2.72e+08|
|PSR J0900-3144  |0.0111096493380938   |     6.0e-16|4.88800e-20|         1.1e-23|     0.4236|3.60e+09| 3.61e+09|
|PSR J2053+4650  |0.0125862753143500   |     1.6e-15|1.72280e-19|         1.0e-22|     1.0166|1.16e+09| 1.19e+09|
|PSR J1802-2124  |0.0126475935865227   |     4.0e-16|7.25600e-20|         3.0e-23|     0.9818|2.76e+09| 2.78e+09|
|PSR J1949+3106  |0.01313818315216539  |     1.1e-16|9.39235e-20|         1.3e-24|     0.9669|2.22e+09| 2.43e+09|
|PSR J1748-2021D |0.013495820403909    |     3.0e-15|5.86770e-19|         1.7e-22|     0.1412|3.64e+08| 3.67e+08|
|PSR J1603-7202  |0.01484195225261733  |     5.0e-17|1.56292e-20|         4.0e-25|     0.3378|1.50e+10| 3.09e+10|
|PSR J2145-0750  |0.01605242392107269  |     3.0e-17|2.97926e-20|         3.0e-25|     0.5033|8.54e+09| 1.02e+10|
|PSR J1022+1001  |0.01645292995844926  |     6.0e-17|4.33391e-20|         5.0e-25|     0.8530|6.01e+09| 7.16e+09|
|PSR J1745-0952  |0.0193763034411294   |     1.9e-15|9.24600e-20|         5.0e-23|     0.1256|3.32e+09| 3.55e+09|
|PSR J1952+2630  |0.020732360091374    |     3.0e-15|4.27162e-18|         4.0e-23|     1.1328|7.69e+07| 7.72e+07|
|PSR J0737-3039A |0.0226993785996239   |     1.1e-15|1.75993e-18|         6.0e-23|     1.5594|2.04e+08| 2.04e+08|
|PSR J1804-0735  |0.02310085528430     |     3.0e-14|4.67100e-19|         3.0e-22|     0.3474|7.84e+08| 8.33e+08|
|PSR J1622-6617  |0.023623444739392    |     1.2e-14|5.88000e-20|         3.0e-22|     0.1070|6.36e+09| 7.74e+09|
|PSR J1502-6752  |0.02674442376700     |     6.0e-14|3.14500e-19|         1.4e-21|     0.0253|1.35e+09| 2.16e+09|
|PSR J1727-2946  |0.0270831832440066   |     1.2e-15|2.46320e-19|         3.0e-23|     1.0070|1.74e+09| 1.74e+09|
|PSR J1756-2251  |0.0284615890259983   |     5.0e-16|1.01750e-18|         3.0e-24|     1.3527|4.43e+08| 4.43e+08|
|PSR J0621+1002  |0.0288538611940574   |     1.6e-15|4.73000e-20|         5.0e-23|     0.5273|9.67e+09| 9.73e+09|
|PSR J1801-0857B |0.02896158842782     |     9.0e-14|2.20400e-18|         6.0e-21|     0.3769|2.08e+08| 2.10e+08|
|PSR J2129+1210C |0.03052929614864     |     1.0e-14|4.98789e-18|         2.0e-23|     1.1307|9.70e+07| 9.72e+07|
|PSR J2045+3633  |0.031681842757300    |     4.0e-15|5.88470e-19|         4.0e-23|     0.9549|8.53e+08| 8.64e+08|
|PSR J2222-0137  |0.03281785906437885  |     1.1e-16|5.80470e-19|         3.0e-23|     1.3803|8.96e+08| 9.68e+08|
|PSR J1810-2005  |0.032822244860022    |     8.0e-15|1.47420e-19|         1.2e-22|     0.3287|3.53e+09| 7.82e+09|
|PSR J1658+3630  |0.033027982326829    |     1.5e-14|1.15700e-19|         1.9e-21|     1.0655|4.52e+09| 1.46e+10|
|PSR J0709+0458  |0.0344289781774586   |     1.2e-15|3.80400e-19|         4.0e-23|     1.3481|1.43e+09| 1.43e+09|
|PSR J1537+1155  |0.03790444117830463  |     1.6e-16|2.42249e-18|         3.0e-24|     1.6243|2.48e+08| 2.54e+08|
|PSR J0348+0432  |0.0391226569017806   |     7.0e-16|2.40750e-19|         5.0e-23|     0.0974|2.57e+09| 2.64e+09|
|PSR J1518+4904  |0.0409349889083329   |     6.0e-16|2.71900e-20|         3.0e-24|     0.9935|2.39e+10| 3.22e+10|
|PSR J0453+1559  |0.0457818168729515   |     3.3e-15|1.86120e-19|         8.0e-23|     1.2771|3.90e+09| 3.98e+09|
|PSR J1302-6350  |0.0477625075         |     4.0e-10|2.27870e-15|         1.2e-18|     4.1399|3.32e+05| 3.32e+05|
|PSR J1915+1606  |0.059030003217813    |     1.1e-14|8.61830e-18|         4.0e-22|     1.0562|1.09e+08| 1.09e+08|
|PSR J1411+2551  |0.062452895517590    |     2.0e-15|9.56000e-20|         5.1e-21|     1.0187|1.04e+10| 1.08e+10|
|PSR J2016+1948  |0.064940388241514    |     6.0e-15|4.00630e-19|         6.0e-23|     0.3427|2.57e+09| 2.59e+09|
|PSR J2204+2700  |0.08470261549133     |     1.5e-13|1.31000e-19|         3.0e-21|     0.4172|1.03e+10| 1.10e+10|
|PSR J1750-3703A |0.1116008373133      |     4.0e-13|5.66100e-18|         8.0e-21|     0.6934|3.12e+08| 3.19e+08|
|PSR J2032+4127  |0.14324647           |     1.9e-07|1.13000e-14|         3.0e-16|    17.0167|2.01e+05| 2.01e+05|
|PSR J0700+6418  |0.19567094516627     |     1.6e-13|6.85300e-19|         1.2e-21|     0.7966|4.52e+09| 4.66e+09|
|PSR J1141-6545  |0.3938988148378      |     7.0e-13|4.30737e-15|         1.3e-19|     1.2133|1.45e+06| 1.45e+06|
|PSR J2108+4516  |0.5772309434487      |     1.7e-12|4.36909e-15|         7.0e-20|    16.7003|2.09e+06| 2.09e+06|
|PSR J0823+0159  |0.8648728046988      |     9.0e-13|1.04550e-16|         6.0e-21|     0.2259|1.31e+08| 1.31e+08|
|PSR J1721-1936  |1.00403745670        |     1.9e-10|1.62400e-15|         1.6e-18|     0.1340|9.80e+06| 9.80e+06|
|PSR J0737-3039B |2.77346077007        |     8.0e-11|8.92000e-16|         8.0e-18|     1.7387|4.92e+07| 4.93e+07|
